[LEFT_CAM_2K]
cx=1077.18
cy=647.638
fx=1077.85
fy=1077.13
k1=-0.06075437343462388
k2=0.04275185297157592
k3=-0.01912043488266784
p1=0.000561573910198795
p2=0.0006671122825255226

[LEFT_CAM_FHD]
cx=933.182
cy=566.638
fx=1077.85
fy=1077.13
k1=-0.06075437343462388
k2=0.04275185297157592
k3=-0.01912043488266784
p1=0.000561573910198795
p2=0.0006671122825255226

[LEFT_CAM_HD]
cx=625.091
cy=371.819
fx=538.924
fy=538.567
k1=-0.06075437343462388
k2=0.04275185297157592
k3=-0.01912043488266784
p1=0.000561573910198795
p2=0.0006671122825255226

[LEFT_CAM_VGA]
cx=328.045
cy=193.409
fx=269.462
fy=269.283
k1=-0.06075437343462388
k2=0.04275185297157592
k3=-0.01912043488266784
p1=0.000561573910198795
p2=0.0006671122825255226

[LEFT_DISTO]
k1=-1.8567228183743478
k2=3.0123542960042817
k3=0.05392380367440859
k4=-1.7774168020709884
k5=2.8542454387844653
k6=0.22502102650035272
p1=0.0006268849801332882
p2=0.00039594043179321794

[MISC]
Sensor_ID=0

[RIGHT_CAM_2K]
cx=1129.66
cy=624.383
fx=1082.26
fy=1082.22
k1=-0.06180020100465329
k2=0.04337216175625855
k3=-0.019046902861595685
p1=-1.3457541340376334e-05
p2=-0.0003793864119668826

[RIGHT_CAM_FHD]
cx=985.656
cy=543.383
fx=1082.26
fy=1082.22
k1=-0.06180020100465329
k2=0.04337216175625855
k3=-0.019046902861595685
p1=-1.3457541340376334e-05
p2=-0.0003793864119668826

[RIGHT_CAM_HD]
cx=651.328
cy=360.192
fx=541.131
fy=541.111
k1=-0.06180020100465329
k2=0.04337216175625855
k3=-0.019046902861595685
p1=-1.3457541340376334e-05
p2=-0.0003793864119668826

[RIGHT_CAM_VGA]
cx=341.164
cy=187.596
fx=270.565
fy=270.555
k1=-0.06180020100465329
k2=0.04337216175625855
k3=-0.019046902861595685
p1=-1.3457541340376334e-05
p2=-0.0003793864119668826

[RIGHT_DISTO]
k1=-1.3029693179976038
k2=2.256056658623955
k3=0.13960424598802823
k4=-1.2168240572723132
k5=2.1086202751197276
k6=0.2890940200319462
p1=-0.00010765875342201425
p2=-0.00016564118208886418

[STEREO]
Baseline=119.844
CV_2K=0.00760972
CV_FHD=0.00760972
CV_HD=0.00760972
CV_VGA=0.00760972
RX_2K=0.0119229
RX_FHD=0.0119229
RX_HD=0.0119229
RX_VGA=0.0119229
RZ_2K=0.00222425
RZ_FHD=0.00222425
RZ_HD=0.00222425
RZ_VGA=0.00222425
TY=-0.531257
TZ=0.770929
